41336814573581970072355857083951426531126
147970009691745153343131430736195611740629
72076049487548633358479555901839434013128
157186351360252131706210840540306531018596
72076049487548633358479555901839434013128
157186351360252131706210840540306531018596
72076049487548633358479555901839434013128
153518687631775603893024683522350051120792
106862415388994683933667327009653916835610
176181380433409908684360450465176697843186
35187926777210781104523083496603409621020
121798875529185307674141821546442132171063
24684147694453487740870488133187922148863
131548687628279340308916110026757437413000
42787196950099132010497120573028602951361
81804339143289505897914271975026346693341
120106766411375802388500885517266230463678
87727766164808507368731345055801686908149
157186351360252131706210840540306531018596
131548687628279340308916110026757437413000
121505713688905338596909720223649308241786
69364022450870885667273775114048321308076
13845968812379485877720863443162272839123
69364022450870885667273775114048321308076
157186351360252131706210840540306531018596
72076049487548633358479555901839434013128
